Bank: 1000USD

Entry: 20.11483USD

Target: 21.5432423USD; 22.864732843USD; 23.556789USD

Close: 19.093022USD

-----
Bank: 50USD
Entry: 3.0USD
Close: 2.8542325USD
Target: 3.105USD; 3.270USD; 3.400USD

-----