BANK: 1000.0
START_PRICE: 20.11483
STOP_PRICE: 19.093022

1 target: 21.5432423
Percent: 7.101%
Bank: 7101.0

2 target: 22.864732843
Percent: 13.671%
Bank: 13671.0

3 target: 23.55678
Percent: 17.112%
Bank: 17112.0
-----

BANK: 50.0
START_PRICE: 3.0
STOP_PRICE: 2.8542325

1 target: 3.105
Percent: 3.5%
Bank: 175.0

2 target: 3.27
Percent: 9.0%
Bank: 450.0

3 target: 3.4
Percent: 13.333%
Bank: 666.65
